Total issue file: 56
**************************************************
OPD3.170816.023: 1
PPR1.180610.011: 3
QP1A.190711.020: 8
LMY48X: 1
RP1A.201005.004: 1
RP1A.200720.009: 1
TQ2A.230305.008.C1: 3
TP1A.221005.002: 1
OPM1.171019.026: 1
TQ2A.230505.002: 4
TP1A.220624.014: 2
OPR5.170623.007: 2
OPR1.170623.032: 1
QQ2A.200305.003: 1
RP1A.201005.004.A1: 2
PQ3A.190801.002: 2
OPM2.171019.029: 1
LMY48B: 1
KVT49L: 8
PPR2.181005.003: 2
MRA58K: 2
M4B30Z: 2
TP1A.220624.021.A1: 2
PQ1A.190105.004: 1
OPM1.171019.011: 8
PPR1.180610.009: 3
PQ1A.181205.002: 2
SQ1A.220205.002: 2
PQ3A.190705.001: 1
QQ3A.200805.001: 1
RQ3A.210805.001.A1: 1
RQ3A.210905.001: 2
SP1A.211105.002.A1: 1
TP1A.221005.003: 1
TQ1A.221205.011: 1
OPM6.171019.030.B1: 1
NRD90M: 5
OPM3.171019.013: 1
OPM3.171019.014: 1
LRX22G: 1
NRD90U: 1
PQ3A.190605.003: 2
RP1A.200720.011: 2
QQ2A.200305.004.A1: 1
RQ3A.210605.005: 1
RP1A.201105.002: 1
SP2A.220505.006: 1
SQ1D.220105.007: 1
OPM2.171019.029.B1: 1
RD2A.211001.002: 1
OPR5.170623.011: 1
OPM2.171026.006.C1: 1
RQ3A.210705.001: 1
TP1A.220624.021: 1
MXB48T: 1
NMF26F: 1
