**************************************************
7070703: 1
ERD79: 1
ESE81: 1
FRF91: 1
FRG83D: 1
GRH55: 3
GRJ22: 1
IML74K: 1
IMM76: 1
IMM76D: 1
IMM76I: 1
JDQ39: 4
JOP40D: 2
JRO03D: 1
JRO03H: 1
JWR66Y: 4
JZO54K: 1
KRT16S: 1
KTU84L: 1
KTU84P: 3
KVT49L: 17
LMY47D: 4
LMY47V: 2
LMY48B: 2
LMY48X: 2
LRX21O: 1
LRX22C: 3
LRX22G: 5
M4B30X: 1
M4B30Z: 2
MDB08L: 1
MHC19I: 1
MMB29K: 1
MMB29M: 1
MMB29P: 1
MMB29Q: 1
MRA58K: 4
MRA58N: 1
MTC20F: 1
MXB48T: 1
N2G48B: 1
N2G48C: 1
N4F26I: 1
N4F26O: 1
N6F26Q: 1
NBD90W: 2
NBD90X: 1
NBD92E: 1
NDE63P: 1
NDE63U: 1
NMF26F: 1
NMF26X: 1
NRD90M: 8
NRD90U: 1
OPD3.170816.023: 1
OPM1.171019.011: 8
OPM1.171019.026: 1
OPM2.171019.029.B1: 1
OPM2.171019.029: 1
OPM2.171026.006.C1: 1
OPM3.171019.013: 1
OPM3.171019.014: 1
OPM6.171019.030.B1: 1
OPR1.170623.032: 2
OPR5.170623.007: 2
OPR5.170623.011: 1
PPR1.180610.009: 3
PPR1.180610.011: 3
PPR2.181005.003: 2
PQ1A.181205.002: 2
PQ1A.190105.004: 1
PQ3A.190605.003: 2
PQ3A.190705.001: 1
PQ3A.190801.002: 2
QP1A.190711.020: 8
QQ2A.200305.003: 1
QQ2A.200305.004.A1: 1
QQ3A.200805.001: 1
RD2A.211001.002: 1
RP1A.200720.009: 1
RP1A.200720.011: 2
RP1A.201005.004.A1: 2
RP1A.201005.004: 1
RP1A.201105.002: 1
RQ3A.210605.005: 1
RQ3A.210705.001: 1
RQ3A.210805.001.A1: 1
RQ3A.210905.001: 2
SP1A.211105.002.A1: 1
SP2A.220505.006: 1
SQ1A.220205.002: 2
SQ1D.220105.007: 1
TP1A.220624.014: 2
TP1A.220624.021.A1: 2
TP1A.220624.021: 1
TP1A.221005.002: 1
TP1A.221005.003: 1
TQ1A.221205.011: 1
TQ2A.230305.008.C1: 3
TQ2A.230505.002: 4
Total issue file: 100
